Peso: 70.5 80.2 65.0 90.1 74.3 85.5 78.9 82.1 67.4 75.0 68.3 69.5 76.4 81.0 73.2 88.3 79.5 72.0 77.7 69.0 71.2 85.0 60.5 74.6 76.0 83.4 71.5 88.0 80.0 77.0 72.3 79.1 68.5 66.4 74.2

Longitud: 1.75 1.82 1.65 1.90 1.74 1.85 1.78 1.81 1.67 1.75 1.68 1.69 1.76 1.80 1.73 1.88 1.79 1.72 1.77 1.70 1.72 1.83 1.60 1.74 1.76 1.84 1.79 1.88 1.80 1.77 1.64 1.75 1.71 1.78 1.69

Volumen : 2.0 1.5 2.5 3.0 2.3 2.7 1.8 2.2 2.4 3.1 2.8 2.6 2.1 2.9 2.5 3.2 2.9 1.7 2.0 2.5 2.4 2.6 1.9 2.7 2.3 2.1 2.8 3.0 2.5 2.6 2.2 3.0 1.8 2.4 2.3

Tiempo: 90 135 45 180 80 165 110 120 70 100 85 95 115 130 105 170 115 65 90 110 105 150 55 100 115 155 100 170 120 110 75 160 95 85 145

Temperatura: 20.5 22.0 19.5 25.0 21.5 24.0 23.5 22.5 20.0 21.0 19.0 18.5 20.5 21.5 22.0 24.5 23.0 19.5 21.0 22.0 20.0 24.0 18.0 21.5 22.0 23.5 20.5 24.5 22.0 23.0 19.5 25.0 21.0 20.5 23.0




